%YAML:1.0
nmarkers: 5
markersize: 4
marker_0: "0111000111100101"
marker_1: "1100011000010101"
marker_2: "0110101010001001"
marker_3: "0011001000011111"
marker_4: "0101010000111100"
